    19     4     3
    31    10     4
    17     5     2
    15    19     4
    25    22     5
     8     9     1
    16    18     1
    28     8     5
    18    14     4
    27    21     2
    23    15     3
    19     9     1
     8     8     2
    21    12     2
     3    11     2
    20     9     1
    21    14     2
    23    19     1
    28    11     5
    31    11     1
    24     4     5
    19     1     2
    29     8     1
    18     8     2
     1    17     4
     4    24     4
    27    24     3
    16    12     4
    27     7     5
     7    20     1
    18    19     2
    20    19     1
     1    19     1
    20     3     4
    12    18     4
     2    12     5
    16     6     3
     6     3     1
     4    21     5
     7     5     5
     5     5     2
     6    17     3
     2    23     5
    20    13     4
     9    18     5
    17     4     3
    22    24     3
    16    14     3
    17    17     2
    14     1     4
     4    21     3
    16    19     4
    27     4     2
    28    14     1
     9     9     3
     7    14     2
    18    10     4
    20    11     4
    13     5     4
     7     7     1
    30     1     1
     3    24     3
     4    17     2
     5    24     5
     6     5     5
    20    24     2
    18    20     5
     2    15     5
    29    12     3
    23     7     5
    23    19     5
     2     6     3
    27     2     4
    29    20     3
    31    17     1
    27    18     3
    25    17     4
    16    11     3
     6    10     2
    13    21     5
     5     8     5
     1    21     5
    30    20     2
    10    22     3
    10    13     5
    11    16     5
    15    24     4
    21    12     2
     1     2     4
    27    22     1
    18    16     3
    27     9     4
    11    25     5
    14     6     5
     2    17     3
     6    16     4
    21    10     3
    11     4     5
    28     1     5
     4    11     5
    31     5     2
    17    19     3
    22    10     2
    31    22     4
     9    19     5
    13    15     5
    15     5     3
    24    24     3
    26     7     1
     4    24     5
     6     6     3
    12    10     2
     2     3     5
    17    17     4
    11     5     5
     6     2     2
     7    19     4
    29     9     4
    21    17     1
    15    10     3
    29    16     2
     4     1     4
    24    23     2
    23    21     5
    18    19     5
     6    21     2
    19    10     3
    10    16     4
     5    15     5
     7    14     4
    28     7     3
     3     7     2
     8    12     3
     2     6     4
    14    21     5
     1    25     4
    28     1     1
     7    14     4
     3     3     3
    10    21     3
    15    25     1
     4     2     5
    31    24     2
    11     1     2
    10    18     2
     2    20     2
    10    14     3
     2    23     3
    16    23     2
    24    16     2
    20     4     3
     3     6     4
     3     5     5
    25     2     4
    29     3     3
    17    16     5
     4    24     1
    26     9     1
    11    11     1
    10    25     1
    24    24     2
     1    17     2
     2    25     1
    21    20     3
    19     9     1
    17    17     1
    23     7     4
    22     8     5
    25    18     5
     9    14     3
    22    11     5
    18    16     3
    13    19     3
     2    15     2
    25    14     3
    11    15     3
    19    13     1
    23     3     5
     4    18     1
     4    25     3
    18     9     5
    16    25     2
    28     9     4
    25    23     5
    23    12     5
     2    11     5
     3     6     1
     3     4     2
    25     8     5
    30    19     3
    22    20     3
     5    18     4
    23     1     5
     4    22     3
     4    24     2
    20    20     3
    11     2     3
    21    10     5
    24    18     4
    19    19     4
    23     6     4
     8     7     2
    23    17     3
    31    12     3
    27    16     1
     3     6     3
    12     5     4
    12    21     3
    22    20     5
    19    24     4
    25     3     2
    12     5     3
     7     3     2
     3    13     4
    24     5     4
     7    23     3
    13     3     4
    18     2     5
     8    14     4
    20    20     4
    16     8     1
     5     5     2
    25     9     3
     4     6     3
    10    13     1
     8    23     2
    17    16     5
     3     3     1
    13    10     5
     4     2     1
     4    13     4
    25    11     3
    10    25     2
    19    21     3
    30    13     1
    14    23     4
    22     4     3
    24    10     1
    14    24     1
    21    23     1
     4    18     1
    29    16     3
     6     9     5
     9    24     4
    25     4     3
    16    19     5
    24    17     1
    13    21     5
     9    10     1
     2    19     3
    21    21     1
    14     9     3
    15    14     1
    19    25     4
     2    14     5
    10     9     5
    24    16     5
    22    10     3
     4    19     2
     5    11     1
     3    13     3
     1    18     3
    14    25     4
    21     9     1
    23    21     4
    17    19     3
     4    24     1
    20     1     5
     4     9     3
     5    17     3
     4     8     5
     5     6     4
     6    18     3
     7    16     5
    10    15     3
    10    17     3
     7     2     4
     8     9     2
    28    12     2
    22     7     3
    18    18     5
     6    22     3
     7     8     1
     3    19     3
    29     4     2
    22    21     3
    18     4     5
    10    15     3
     6    10     2
    20    21     2
    31    13     1
     6    13     2
     8    22     1
    13     9     3
     3    12     2
    22    25     2
    13     2     3
    31    25     1
    13     5     3
    20    17     4